[IMG-20200927-WA0007.jpg]
filters=finetune2=1,0.403509,0.067368,0.000000,00000000,0.000000;
moddate=809f8aa460a5d601
width=2048
height=1036
textactive=0
[image_1.jpg]
filters=finetune2=1,0.181287,0.185263,0.000000,00000000,0.000000;
moddate=8075e85d5fa5d601
width=1964
height=1288
textactive=0
